4294967294,30
4294967294,1070
4294967294,1069
4294967294,1067
4294967294,1066
4294967294,1061
4294967294,1050
4294967294,436
4294967294,158
4294967294,157
4294967294,156
4294967294,155
4294967294,60
4294967294,18
4294967294,127
4294967294,14
4294967294,126
4294967294,20
4294967294,13
7470,4
7470,6
7464,5
7461,5
7461,4
7458,4
4294967294,12
7464,4
4294967278,282
4294967278,239
4294967278,366
4294967278,324
4294967278,174
4294967278,14
4294967278,12
4294967279,355
4294967279,525
4294967279,72
4294967279,346
4294967279,61
4294967279,56
4294967278,255
4294967279,375
4294967278,421
4294967278,252
4294967279,155
10332,6
10332,5
10332,4
10332,3
10332,2
10332,1
4294967294,1039
4294967278,141
4294967278,345
4294967278,343
10329,5
4294967279,279
10329,4
10329,3
10329,2
10329,1
4294967279,280
4294967278,268
4294967294,497
4294967279,263
4294967278,281
10327,4
10327,3
10327,2
10327,1
4294967278,333
4294967278,446
4294967294,427
10326,6
10326,5
10326,4
10326,3
10326,2
10326,1
4294967278,253
4294967278,246
4294967278,240
4294967279,356
4294967279,227
4294967278,220
10323,6
10323,5
10323,4
4294967279,217
10323,3
10323,2
10323,1
4294967278,216
4294967279,535
4294967279,551
4294967279,207
4294967278,190
10320,6
4294967278,192
10320,5
10320,4
4294967278,191
10320,3
10320,2
10320,1
4294967279,218
4294967278,251
4294967278,182
4294967279,181
4294967294,396
4294967294,405
4294967278,319
4294967278,249
4294967294,1035
10317,5
4294967279,167
10317,4
10317,3
10317,2
10317,1
4294967278,223
4294967279,166
4294967279,164
4294967279,348
4294967279,159
10315,6
4294967278,156
4294967279,320
4294967278,275
10315,5
10315,4
10315,3
10315,2
10315,1
4294967294,496
4294967279,149
4294967278,151
10314,6
4294967278,149
4294967279,147
4294967279,520
4294967279,214
4294967279,140
4294967279,139
4294967279,138
10314,5
10314,4
10314,3
10314,2
10314,1
4294967294,413
4294967294,398
4294967294,183
4294967294,109
4294967294,466
4294967279,316
4294967279,344
4294967278,274
4294967278,347
10312,4
4294967278,31
10312,3
10312,2
10312,1
4294967279,63
4294967279,324
4294967278,440
4294967279,309
4294967279,370
4294967279,569
4294967278,229
4294967294,1418
4294967279,260
4294967279,350
10311,6
10311,5
10311,4
10311,2
10311,1
4294967279,381
4294967279,536
4294967279,225
10308,5
10308,4
10308,3
10308,2
10308,1
4294967294,495
4294967279,197
10306,4
4294967279,196
10306,3
10306,2
10306,1
4294967279,192
4294967278,187
4294967278,186
10305,6
10305,5
10305,4
10305,3
10305,2
10305,1
4294967278,184
4294967279,343
4294967279,176
4294967279,556
4294967278,247
4294967279,163
4294967279,161
10302,6
10302,5
10302,4
10302,3
10302,2
10302,1
4294967279,341
4294967278,311
4294967279,152
4294967279,148
4294967279,339
4294967278,243
4294967279,133
4294967278,136
10299,6
10299,5
4294967278,135
10299,4
4294967279,134
10299,2
10299,1
4294967279,338
4294967294,1417
4294967279,264
4294967279,258
4294967294,118
4294967278,341
4294967279,336
4294967278,329
10296,5
4294967278,357
10296,4
10296,3
10296,2
10296,1
4294967278,356
4294967278,376
4294967294,1045
4294967294,190
4294967278,241
10294,6
4294967278,340
4294967278,244
10294,5
4294967279,241
10294,4
10294,3
10294,2
10294,1
4294967294,494
4294967279,307
10293,6
4294967279,335
4294967278,214
4294967279,512
10293,5
10293,4
4294967278,211
10293,3
10293,2
10293,1
4294967278,233
10291,4
10291,3
10291,2
10291,1
4294967279,332
4294967278,231
4294967279,542
4294967278,353
4294967294,387
4294967279,331
4294967278,339
4294967278,304
4294967279,552
4294967278,316
4294967278,382
4294967278,302
4294967278,377
4294967278,317
4294967278,338
4294967278,272
4294967279,554
4294967279,553
0,5
4294967278,293
4294967278,227
4294967294,189
4294967294,386
4294967278,176
4294967278,385
4294967278,175
10290,6
10290,5
10290,4
10290,2
10290,1
4294967278,221
4294967278,425
10287,5
10287,4
10287,3
10287,2
10287,1
4294967294,193
10285,4
10285,3
10285,2
10285,1
4294967278,134
10284,6
10284,5
10284,4
10284,3
10284,2
10284,1
4294967279,544
4294967279,329
4294967279,558
4294967278,348
10281,6
10281,5
10281,4
10281,3
10281,2
10281,1
4294967279,366
4294967294,493
10278,6
10278,5
10278,4
10278,2
10278,1
4294967278,203
4294967278,307
4294967278,298
4294967279,190
4294967278,188
10275,5
10275,4
10275,3
10275,2
10275,1
4294967279,182
4294967278,180
4294967294,492
4294967294,471
4294967294,470
4294967294,469
4294967294,163
10273,6
4294967294,406
4294967294,415
4294967294,455
4294967294,191
4294967294,119
4294967279,326
4294967279,175
10273,5
4294967279,172
10273,4
10273,3
10273,2
10273,1
4294967278,170
4294967278,169
4294967278,167
10272,6
4294967294,388
4294967279,325
4294967278,157
4294967279,157
10272,5
10272,4
10272,3
10272,2
10272,1
4294967279,294
4294967278,153
10270,4
10270,3
10270,2
10270,1
4294967294,389
4294967294,115
4294967294,89
4294967278,320
4294967279,317
4294967278,137
4294967278,332
4294967294,390
4294967294,120
4294967294,114
4294967294,68
4294967294,11
4294967279,533
4294967278,132
4294967278,127
4294967278,120
4294967278,119
4294967278,118
4294967278,117
4294967278,110
4294967278,109
4294967278,107
4294967278,106
4294967278,103
4294967278,101
4294967278,94
4294967278,92
4294967278,84
4294967278,76
4294967278,74
4294967278,67
4294967278,64
4294967278,63
4294967278,335
4294967278,306
4294967279,246
4294967279,103
4294967279,334
4294967279,96
4294967279,95
4294967279,94
4294967279,93
4294967279,82
4294967279,74
4294967279,69
4294967279,68
4294967279,67
4294967279,60
4294967279,51
4294967279,41
4294967279,40
4294967279,39
4294967279,37
4294967279,34
4294967279,31
4294967279,29
4294967279,28
4294967279,25
4294967279,18
4294967279,13
4294967279,6
4294967279,538
4294967279,251
4294967279,4
4294967278,349
4294967278,363
4294967278,447
4294967279,347
4294967279,321
4294967278,258
10269,6
10269,5
10269,4
10269,2
10269,1
4294967279,345
4294967278,323
4294967279,243
4294967279,323
4294967278,318
4294967278,232
10266,5
10266,4
10266,3
10266,2
10266,1
4294967294,491
4294967279,213
4294967278,212
10264,4
10264,3
10264,2
10264,1
10263,6
10263,5
10263,4
10263,3
10263,2
10263,1
4294967279,557
4294967278,380
4294967278,189
4294967278,315
4294967278,314
10260,6
10260,5
10260,4
10260,3
10260,2
10260,1
4294967278,313
4294967279,169
4294967279,168
4294967294,164
4294967279,153
4294967279,137
10257,6
10257,5
10257,4
10257,2
10257,1
4294967278,144
4294967279,143
4294967278,139
4294967279,135
10254,5
10254,4
10254,3
10254,2
10254,1
4294967294,490
10252,6
4294967294,162
4294967294,176
4294967294,1042
4294967278,300
4294967278,278
10252,5
4294967278,257
10252,4
10252,3
10252,2
10252,1
4294967279,559
4294967278,355
4294967278,444
10251,6
4294967279,232
4294967278,236
10251,5
10251,4
4294967278,237
10251,3
10251,2
10251,1
4294967279,236
4294967294,168
4294967294,403
4294967294,449
4294967294,160
4294967294,460
4294967294,111
4294967279,231
4294967278,224
4294967279,223
10249,4
10249,3
10249,2
10249,1
0,7
4294967294,27
4294967279,527
4294967294,1032
4294967294,186
4294967294,28
4294967294,1031
4294967294,0
4294967294,46
4294967294,45
4294967294,44
4294967294,424
4294967278,309
4294967279,532
4294967278,373
4294967278,360
4294967294,1049
4294967294,40
4294967294,2
4294967294,38
4294967294,37
4294967294,477
4294967294,476
4294967294,475
4294967294,107
4294967294,50
4294967294,91
4294967294,90
4294967294,87
4294967294,86
4294967294,85
4294967294,84
4294967294,1078
4294967294,1077
4294967294,29
4294967294,419
4294967294,53
4294967294,36
4294967294,96
4294967294,94
4294967294,9
4294967294,8
4294967294,93
4294967294,95
4294967294,81
4294967294,92
4294967294,88
4294967279,528
4294967279,349
4294967278,374
4294967278,131
4294967278,130
4294967278,129
4294967278,128
4294967278,126
4294967278,125
4294967278,124
4294967278,123
4294967278,122
4294967278,121
4294967278,116
4294967278,115
4294967278,114
4294967278,113
4294967278,112
4294967278,111
4294967278,105
4294967278,104
4294967278,102
4294967278,100
4294967278,99
4294967278,98
4294967278,95
4294967278,358
4294967278,93
4294967278,91
4294967278,90
4294967278,89
4294967278,87
4294967278,86
4294967278,82
4294967278,81
4294967278,80
4294967278,79
4294967278,78
4294967278,75
4294967278,73
4294967278,72
4294967278,71
4294967278,70
4294967278,296
4294967278,69
4294967278,68
4294967278,66
4294967278,65
4294967278,62
4294967278,61
4294967278,350
4294967278,445
4294967279,102
4294967279,100
4294967279,98
4294967279,534
4294967279,90
4294967279,86
4294967279,85
4294967279,83
4294967279,81
4294967279,79
4294967279,156
4294967279,75
4294967279,73
4294967279,65
4294967279,58
4294967279,55
4294967279,52
4294967279,49
4294967279,47
4294967279,46
4294967279,45
4294967279,38
4294967279,244
4294967279,35
4294967279,33
4294967279,32
4294967279,306
4294967279,23
4294967279,19
4294967279,17
4294967279,16
4294967279,14
4294967279,12
4294967279,11
4294967279,10
4294967279,9
4294967279,8
4294967279,7
4294967294,5
4294967294,1029
10248,6
10248,5
10248,4
10248,2
10248,1
4294967278,393
10245,5
10245,4
10245,3
10245,2
10245,1
4294967278,155
4294967294,489
4294967279,154
10243,4
10243,3
10243,2
10243,1
4294967279,238
4294967278,147
4294967279,145
10242,6
10242,5
10242,4
10242,3
10242,2
10242,1
4294967294,1413
4294967278,410
10239,6
10239,5
10239,4
10239,3
10239,2
10239,1
4294967279,228
4294967279,226
4294967279,513
4294967278,248
4294967279,224
4294967278,305
10236,6
10236,5
10236,4
10236,2
10236,1
4294967278,405
4294967294,454
4294967294,116
4294967279,209
10233,5
10233,4
10233,3
10233,2
10233,1
4294967279,195
4294967278,193
10231,6
4294967278,294
10231,5
10231,4
10231,3
10231,2
10231,1
4294967294,488
4294967279,541
10230,6
4294967279,179
4294967279,302
4294967278,303
4294967279,563
4294967279,242
10230,5
10230,4
10230,3
10230,2
10230,1
4294967278,164
4294967279,162
4294967294,99
4294967294,76
4294967278,158
10228,4
10228,3
10228,2
10228,1
4294967294,1026
4294967279,517
4294967278,403
4294967294,41
4294967294,52
4294967294,1416
4294967294,43
4294967294,417
4294967294,51
4294967294,22
4294967294,205
4294967294,82
4294967294,1414
4294967294,83
4294967278,395
4294967278,289
4294967278,2
4294967278,88
4294967278,439
4294967278,85
4294967278,83
4294967278,77
4294967278,297
4294967278,394
4294967278,430
4294967278,271
4294967279,269
4294967279,84
4294967279,526
4294967279,516
4294967279,351
4294967294,1419
10227,6
10227,5
10227,4
10227,2
10227,1
4294967278,301
4294967294,1048
4294967294,1422
4294967279,256
4294967279,357
4294967279,328
10224,5
10224,4
10224,3
10224,2
10224,1
4294967279,327
4294967279,237
4294967294,487
4294967279,235
10222,4
10222,3
10222,2
10222,1
4294967278,222
4294967279,315
10221,6
10221,5
10221,4
10221,3
10221,2
10221,1
4294967279,283
4294967279,174
4294967278,402
4294967278,208
4294967279,206
4294967278,204
4294967278,299
4294967294,198
4294967294,1033
4294967279,314
4294967279,2
4294967279,88
10218,6
10218,5
10218,4
10218,3
10218,2
10218,1
4294967279,313
4294967278,371
10215,6
10215,5
10215,4
10215,2
10215,1
4294967279,158
4294967278,150
4294967278,419
4294967279,312
4294967278,424
4294967279,273
4294967279,142
4294967279,272
10212,5
10212,4
10212,3
10212,2
10212,1
4294967294,486
4294967279,271
10210,6
4294967279,311
10210,5
4294967279,277
4294967278,270
10210,4
10210,3
10210,2
10210,1
4294967294,178
4294967294,175
4294967294,450
4294967279,262
10209,6
4294967278,331
4294967279,565
10209,5
10209,4
10209,3
10209,2
10209,1
4294967279,547
4294967278,263
4294967279,249
4294967294,199
4294967279,245
10207,4
10207,3
10207,2
10207,1
4294967278,401
4294967279,239
4294967294,1
4294967279,363
4294967294,194
4294967294,401
4294967279,380
4294967278,399
4294967294,1421
4294967278,108
4294967278,381
4294967278,97
4294967278,96
4294967278,384
4294967278,408
4294967278,406
4294967278,256
4294967278,260
4294967278,427
4294967279,383
4294967279,99
4294967279,97
4294967279,267
4294967279,92
4294967279,91
4294967279,87
4294967279,524
4294967279,522
4294967279,361
4294967279,515
4294967279,371
4294967279,5
4294967279,101
4294967278,292
4294967278,291
4294967279,200
10206,6
10206,5
10206,4
10206,2
10206,1
4294967279,188
4294967278,217
4294967278,185
4294967294,1041
4294967294,462
4294967294,451
4294967278,378
4294967278,326
4294967279,180
10203,5
10203,4
10203,3
10203,2
10203,1
4294967278,168
4294967294,485
4294967278,166
10201,4
10201,3
10201,2
10201,1
4294967278,160
4294967279,160
4294967278,159
10200,6
10200,5
10200,4
4294967278,154
10200,3
10200,2
10200,1
4294967278,420
4294967279,374
4294967278,404
4294967278,143
4294967278,145
4294967279,305
4294967278,276
4294967278,288
10197,6
10197,5
4294967278,287
10197,4
10197,3
10197,2
10197,1
4294967279,304
4294967279,376
4294967279,275
4294967278,261
4294967278,290
4294967294,1040
4294967294,197
10194,6
10194,5
10194,4
10194,2
10194,1
4294967279,303
4294967279,229
4294967278,226
4294967279,219
4294967278,209
10191,5
10191,4
4294967278,210
10191,3
10191,2
10191,1
4294967279,210
4294967278,206
4294967294,484
4294967279,340
10189,6
4294967279,572
4294967278,286
4294967279,201
10189,5
4294967279,199
10189,4
10189,3
10189,2
10189,1
4294967278,197
4294967294,407
4294967294,464
4294967294,400
4294967294,169
4294967294,483
4294967278,196
4294967279,194
10188,6
4294967279,514
10188,5
10188,4
10188,3
10188,2
10188,1
4294967279,177
4294967278,173
4294967294,195
4294967279,171
10186,4
4294967279,170
10186,3
10186,2
10186,1
4294967279,290
4294967278,284
4294967279,342
4294967278,407
4294967278,312
4294967278,443
4294967294,39
4294967278,379
4294967279,89
4294967279,373
4294967278,322
4294967278,152
4294967279,310
10185,6
10185,5
10185,4
10185,2
10185,1
4294967278,273
4294967279,265
4294967278,264
10182,5
10182,4
10182,3
10182,2
10182,1
4294967294,482
4294967279,518
10180,4
10180,3
10180,2
10180,1
4294967279,546
4294967279,247
4294967294,182
4294967294,161
4294967278,238
10179,6
10179,5
10179,4
10179,3
10179,2
10179,1
4294967279,221
4294967294,504
4294967294,456
4294967278,207
4294967278,280
4294967279,204
4294967279,203
10176,6
10176,5
10176,4
10176,3
10176,2
10176,1
4294967279,301
4294967279,191
4294967278,279
4294967279,300
4294967279,521
4294967278,398
10173,6
10173,5
10173,4
10173,2
10173,1
4294967278,172
4294967278,163
4294967278,162
10170,5
10170,4
4294967279,151
10170,3
10170,2
10170,1
4294967279,144
10168,6
4294967278,321
4294967278,142
10168,5
4294967278,140
10168,4
10168,3
10168,2
10168,1
4294967278,138
4294967294,395
4294967294,420
4294967294,384
4294967294,180
10167,6
4294967279,282
4294967279,540
4294967278,269
10167,5
10167,4
10167,3
10167,2
10167,1
4294967278,285
4294967279,254
4294967279,253
4294967279,549
10165,4
10165,3
10165,2
10165,1
4294967294,505
4294967294,1420
4294967279,299
4294967278,397
4294967278,429
4294967294,1043
4294967294,173
4294967278,336
4294967278,351
4294967278,295
4294967279,555
4294967279,287
4294967279,296
4294967279,368
4294967294,7
4294967278,400
4294967294,6
4294967278,383
4294967279,354
10164,6
10164,5
10164,4
10164,2
10164,1
4294967278,205
4294967279,202
4294967278,199
4294967278,389
4294967279,193
10161,5
10161,4
10161,3
10161,2
10161,1
4294967278,181
10159,4
10159,3
10159,2
10159,1
4294967278,178
4294967279,178
4294967278,308
4294967279,173
4294967278,171
10158,6
10158,5
10158,4
10158,3
10158,2
10158,1
4294967279,298
4294967294,397
4294967279,352
4294967279,297
4294967278,146
10155,6
10155,5
10155,4
10155,3
10155,2
10155,1
4294967279,295
4294967279,293
4294967278,277
4294967279,270
4294967278,392
4294967278,267
10152,6
10152,5
10152,4
4294967278,262
10152,2
10152,1
4294967294,1046
4294967278,219
4294967278,367
4294967278,254
4294967278,354
4294967279,250
4294967278,230
10149,5
10149,4
10149,3
10149,2
10149,1
4294967278,328
4294967279,372
4294967278,218
10147,6
4294967279,215
10147,5
4294967279,212
10147,4
4294967279,211
10147,3
10147,2
10147,1
4294967294,1415
4294967294,399
4294967294,391
4294967294,108
4294967279,360
4294967279,268
10146,6
4294967279,205
10146,5
4294967278,195
10146,4
10146,3
10146,2
10146,1
4294967278,194
4294967278,337
10144,4
10144,3
10144,2
10144,1
4294967279,337
4294967279,358
4294967293,131
4294967293,130
4294967293,129
4294967293,128
4294967293,127
4294967293,126
4294967293,125
4294967293,124
4294967293,123
4294967293,122
4294967293,121
4294967293,120
4294967293,119
4294967293,118
4294967293,117
4294967293,116
4294967293,115
4294967293,114
4294967293,113
4294967293,112
4294967293,111
4294967293,110
4294967293,109
4294967293,108
4294967293,107
4294967293,106
4294967293,105
4294967293,104
4294967293,103
4294967293,102
4294967293,101
4294967293,100
4294967293,99
4294967293,98
4294967293,97
4294967293,96
4294967293,95
4294967293,94
4294967293,93
4294967293,92
4294967293,91
4294967293,90
4294967293,89
4294967293,87
4294967293,86
4294967293,85
4294967293,84
4294967293,83
4294967293,82
4294967293,81
4294967293,80
4294967293,79
4294967293,78
4294967293,77
4294967293,76
4294967293,75
4294967293,74
4294967293,73
4294967293,72
4294967293,71
4294967293,70
4294967293,69
4294967293,68
4294967293,67
4294967293,66
4294967293,65
4294967293,64
4294967293,63
4294967293,62
4294967293,61
4294967293,60
4294967293,59
4294967293,58
4294967293,57
4294967293,56
4294967293,55
4294967293,54
4294967293,53
4294967293,52
4294967293,51
4294967293,50
4294967293,49
4294967293,48
4294967293,47
4294967293,46
4294967293,45
4294967293,44
4294967293,43
4294967293,42
4294967293,41
4294967293,40
4294967293,39
4294967293,38
4294967293,37
4294967293,36
4294967293,35
4294967293,34
4294967293,33
4294967293,32
4294967293,31
4294967293,30
4294967293,29
4294967293,28
4294967293,27
4294967293,26
4294967293,25
4294967293,24
4294967293,23
4294967293,22
4294967293,21
4294967293,20
4294967293,19
4294967293,18
4294967293,17
4294967293,16
4294967293,15
4294967293,14
4294967293,13
4294967293,12
4294967293,11
4294967293,10
4294967293,9
4294967293,8
4294967293,7
4294967293,6
4294967293,5
4294967293,4
4294967293,3
4294967278,0
4294967278,60
4294967278,59
4294967278,53
4294967278,52
4294967278,51
4294967278,50
4294967278,49
4294967278,47
4294967278,46
4294967278,45
4294967278,44
4294967278,43
4294967278,42
4294967278,41
4294967278,40
4294967278,39
4294967278,38
4294967278,37
4294967278,36
4294967278,35
4294967278,34
4294967278,33
4294967278,32
4294967278,30
4294967278,29
4294967278,28
4294967278,27
4294967278,26
4294967278,25
4294967278,24
4294967278,23
4294967278,22
4294967278,21
4294967278,20
4294967278,19
4294967278,18
4294967278,17
4294967278,16
4294967278,15
4294967278,13
4294967278,11
4294967278,10
4294967278,9
4294967278,8
4294967278,7
4294967278,6
4294967278,5
4294967278,4
4294967279,132
4294967279,131
4294967279,130
4294967279,129
4294967279,128
4294967279,127
4294967279,284
4294967279,126
4294967279,369
4294967279,125
4294967279,124
4294967279,291
4294967279,123
4294967279,122
4294967279,121
4294967279,120
4294967279,119
4294967279,118
4294967279,117
4294967279,116
4294967279,115
4294967279,114
4294967279,113
4294967279,112
4294967279,111
4294967279,110
4294967279,109
4294967279,108
4294967279,107
4294967279,106
4294967279,105
4294967279,104
4294967279,80
4294967279,78
4294967279,77
4294967279,76
4294967279,71
4294967279,70
4294967279,66
4294967279,62
4294967279,59
4294967279,53
4294967279,50
4294967279,44
4294967279,43
4294967279,42
4294967279,36
4294967279,30
4294967279,27
4294967279,26
4294967279,24
4294967279,22
4294967279,21
4294967279,20
4294967279,15
4294967278,58
4294967278,57
4294967279,57
4294967278,56
4294967278,396
4294967278,55
4294967278,54
4294967279,289
4294967279,0
4294967279,54
4294967279,365
4294967294,1044
10143,6
10143,5
10143,4
10143,2
10143,1
4294967279,252
4294967279,216
4294967279,318
4294967294,393
4294967279,288
4294967278,133
4294967279,286
10140,5
10140,4
10140,3
10140,2
10140,1
4294967294,481
10138,4
10138,3
10138,2
10138,1
4294967279,257
4294967279,285
4294967294,167
4294967294,444
4294967294,416
4294967294,410
4294967279,523
10137,6
10137,5
10137,4
4294967279,548
10137,3
10137,2
10137,1
4294967279,230
4294967279,234
4294967279,233
4294967279,362
4294967278,228
4294967278,213
10134,6
10134,5
10134,4
10134,3
10134,2
10134,1
4294967279,292
4294967279,189
10131,6
10131,5
10131,4
10131,2
10131,1
4294967279,184
4294967278,179
4294967278,177
4294967294,480
4294967294,478
10128,5
10128,4
4294967279,165
10128,3
10128,2
10128,1
4294967279,281
4294967294,1030
4294967279,322
4294967278,386
10126,6
10126,5
10126,4
10126,3
10126,2
10126,1
4294967278,148
10125,6
4294967279,266
4294967278,370
4294967279,278
10125,5
4294967279,136
10125,4
10125,3
10125,2
10125,1
4294967294,385
4294967294,17
10123,4
10123,3
10123,2
10123,1
4294967279,276
4294967294,392
4294967278,369
4294967278,441
4294967278,362
4294967294,42
4294967294,67
4294967294,26
4294967294,1429
4294967294,25
4294967279,274
4294967294,202
4294967278,327
4294967278,352
4294967278,346
4294967278,364
4294967278,48
4294967279,364
4294967279,64
4294967279,48
4294967279,564
4294967294,170
4294967278,368
10122,6
10122,5
10122,4
10122,2
10122,1
4294967278,325
4294967278,365
10119,5
10119,4
10119,3
10119,2
10119,1
10117,4
10117,3
10117,2
10117,1
4294967279,187
4294967279,186
4294967278,183
10116,6
10116,5
10116,4
10116,3
10116,2
10116,1
4294967278,434
4294967278,165
4294967278,161
10113,6
10113,5
10113,4
10113,3
10113,2
10113,1
4294967279,150
4294967294,1038
4294967294,1028
4294967294,1037
4294967279,146
4294967279,141
4294967294,1047
4294967294,411
4294967294,468
10110,6
10110,5
10110,4
10110,2
10110,1
4294967278,283
4294967279,261
4294967278,265
4294967279,240
10107,5
10107,4
10107,3
10107,2
10107,1
4294967278,359
4294967278,250
4294967278,242
10105,6
10105,5
4294967278,234
10105,4
10105,3
10105,2
10105,1
4294967278,422
10104,6
10104,5
10104,4
4294967279,208
10104,3
10104,2
10104,1
4294967294,409
4294967294,179
4294967294,1076
4294967294,414
4294967294,113
4294967278,202
4294967278,201
4294967278,200
4294967278,198
4294967279,198
10102,4
10102,3
10102,2
10102,1
4294967278,225
4294967279,531
4294967278,330
4294967278,245
4294967278,361
4294967278,235
4294967278,342
4294967278,310
4294967279,259
4294967279,529
4294967279,568
4294967279,353
4294967279,330
4294967279,222
4294967279,220
4294967279,567
4294967279,185
4294967279,575
4294967279,574
10101,6
10101,5
10101,4
10101,2
10101,1
4294967279,573
4294967279,570
10098,5
